# 206 queries with network IO measured via Docker stats (GB-rounded, lower precision)
# These are usable but may be off by up to ~1GB per container
1008
1019
1022
1035
1054
1085
1126
1130
1132
1143
1201
1206
121
1227
1237
1276
1303
1315
1327
133
1338
1344
1346
1386
1396
1413
1414
142
1473
1486
1558
1608
164
1641
1720
1726
1727
1732
1816
1869
1887
1892
1921
1960
2049
2095
2100
2101
2157
2182
2217
222
2241
2250
2270
2278
2289
2290
2329
2505
2546
2558
2585
260
2614
2622
2649
2650
2670
2690
28
2826
285
2900
2999
3023
3026
3030
3050
310
3153
3386
3405
3455
3487
3501
3503
3585
3595
3609
3615
364
3676
369
3714
372
3752
377
3821
3836
392
3924
3955
3969
407
4076
408
426
4291
437
4383
4399
441
4412
4443
4464
4513
4601
4618
4676
4690
4693
4722
4741
4745
4753
4765
4810
4811
486
4883
4886
5007
5019
5023
5053
5055
506
5065
5066
5069
5071
5076
5080
5085
5089
5114
5119
5121
5123
5187
5216
5244
5254
5278
5310
5343
5365
5389
5408
5416
5417
5456
5459
5460
5463
5465
5488
5529
5532
5543
5646
5655
5658
5677
568
5689
5717
5726
5780
5786
5794
5887
5888
5898
5921
5937
5957
5963
608
703
718
724
753
796
829
830
831
884
897
913
915
916
956
961
962
