2895
3609
3924
3955
4291
4383
4399
4601
4693
4741
5069
5114
5216
5765
5794
6107
6373
6388
6531
6836
7073
7436
7488
7559
7565
7587
7609
7660
7787
7857
8198
8309
8569
8793
8812
8925
9000
9057
9173
9421
9547
9614
9618
9876
9953
9990
10001
10073
10075
10087
10109
10229
10260
10319
10322
10506
10538
10543
10601
10653
10795
10948
11028
11063
11082
11334
11399
11439
11482
11512
11555
11598
11614
11729
11769
11778
11800
11810
11822
11844
11964
11968
12050
12102
12305
12343
12381
12518
12849
12889
12950
12982
13012
13132
13216
13237
13458
13640
13805
14018
14051
14075
14203
14308
14319
14342
14438
14451
14569
14674
14738
14904
15010
15014
15015
15049
15077
15078
15092
15149
15150
15243
15326
15348
15474
15697
15832
15906
16115
16494
16495
17034
17168
17182
17332
17471
17817
17856
17875
17922
17970
18011
18038
18457
18604
18656
19186
20054
22566
22624
23470
23711
24675
25259
25279
25305
25315
25320
25324
25344
25384
25397
25409
25425
25435
25445
25464
25467
25469
25470
25478
25498
25527
25545
25577
25585
25629
25631
25648
25712
25714
25715
25746
25752
25783
25788
25804
25824
25831
25834
25871
25882
25885
25934
25937
25968
25977
26005
26022
26025
26027
26040
26067
26112
26115
26144
26165
26201
26210
26214
26240
26243
26245
26256
26263
26276
26281
26283
26294
26321
26324
26327
26353
26368
26373
26382
26414
26425
26426
26439
26456
26479
26486
26496
26508
26517
26520
26522
26608
26614
26637
26658
26660
26668
26673
26710
26712
26718
26720
26741
26749
26752
26783
26787
26805
26810
26813
26818
