19
28
45
67
121
133
142
164
222
260
285
310
355
364
369
372
377
392
407
408
426
437
441
452
479
486
506
568
608
703
718
724
742
753
791
796
800
824
829
830
831
884
897
913
915
916
923
956
958
961
962
1008
1019
1022
1035
1054
1085
1126
1130
1132
1143
1201
1206
1227
1237
1276
1303
1315
1327
1332
1335
1338
1344
1346
1364
1386
1396
1409
1413
1414
1424
1435
1473
1486
1509
1553
1558
1567
1608
1609
1641
1685
1688
1720
1726
1727
1732
1761
1771
1816
1838
1851
1869
1887
1892
1921
1960
1984
2009
2049
2081
2082
2095
2100
2101
2156
2157
2182
2198
2217
2241
2250
2252
2270
2278
2288
2289
2290
2329
2368
2446
2450
2503
2505
2546
2558
2585
2614
2622
2649
2650
2654
2670
2687
2690
2703
2761
2763
2778
2826
2828
2837
2843
2844
2857
2862
2895
2899
2900
2924
2975
2999
3020
3023
3026
3030
3050
3153
3154
3232
3260
3266
3377
3386
3403
3405
3428
3455
3479
3487
3501
3503
3546
3585
3595
3609
3615
3649
3654
3662
3664
3676
3700
3714
3727
3743
3752
3762
3821
3836
3868
3903
3924
3955
3969
3972
4011
4076
4084
4095
4158
4167
4186
4202
4234
4252
4288
4291
4294
4307
4343
4350
4352
4370
4377
4380
4383
4392
4398
4399
4412
4414
4443
4464
4488
4513
4541
4590
4601
4618
4624
4676
4682
4688
4690
4693
4722
4741
4742
4745
4753
4765
4792
4810
4811
4830
4883
4886
4957
4996
5007
5017
5019
5023
5053
5055
5065
5066
5069
5071
5076
5080
5085
5089
5114
5119
5120
5121
5123
5148
5186
5187
5213
5214
5216
5230
5231
5244
5254
5278
5298
5303
5310
5323
5335
5343
5363
5365
5389
5408
5416
5417
5429
5435
5456
5459
5460
5463
5465
5480
5488
5529
5532
5543
5556
5558
5560
5621
5625
5646
5655
5658
5677
5689
5717
5726
5765
5780
5786
5794
5814
5841
5843
5878
5887
5888
5898
5921
5937
5957
5963
5982
6011
6027
6064
6066
6077
6079
6097
6103
6107
6119
6125
6135
6158
6160
6169
6172
6191
6194
6196
6229
6235
6243
6248
6251
6258
6279
6284
6288
6289
6292
6294
6306
6321
6341
6343
6373
6383
6385
6388
6409
6412
6416
6438
6444
6456
6461
6462
6465
6466
6495
6518
6523
6531
6536
6537
6553
6561
6565
6567
6571
6576
6578
6599
6603
6607
6612
6618
6625
6632
6645
6650
6660
6695
6697
6703
6705
6725
6727
6739
6765
6778
6779
6780
6786
6818
6836
6844
6859
6891
6901
6914
6917
6936
6945
6958
6967
6972
6979
6998
7003
7011
7018
7026
7034
7035
7072
7073
7079
7081
7083
7107
7114
7118
7125
7131
7141
7154
7160
7164
7170
7175
7184
7185
7186
7203
7205
7209
7214
7221
7226
7234
7254
7255
7256
7258
7261
7286
7300
7306
7308
7316
7346
7347
7356
7368
7389
7391
7392
7393
7394
7399
7400
7414
7426
7429
7436
7439
7442
7448
7488
7497
7502
7504
7507
7510
7520
7551
7552
7559
7565
7574
7586
7587
7592
7605
7609
7615
7618
7635
7639
7653
7660
7668
7670
7674
7676
7678
7714
7717
7733
7734
7772
7777
7784
7787
7795
7802
7819
7842
7857
7886
7897
7915
7925
7939
7942
7945
7950
7974
8004
8014
8018
8034
8037
8046
8052
8053
8060
8067
8074
8078
8086
8089
8101
8109
8124
8126
8139
8146
8147
8156
8163
8169
8178
8181
8194
8198
8208
8218
8224
8227
8237
8246
8277
8279
8282
8287
8309
8311
8332
8334
8339
8345
8350
8356
8361
8372
8394
8403
8407
8408
8415
8419
8422
8431
8437
8446
8447
8462
8474
8487
8490
8507
8513
8545
8569
8573
8594
8595
8606
8611
8614
8619
8624
8636
8664
8671
8672
8678
8682
8693
8698
8700
8706
8711
8721
8730
8733
8750
8755
8761
8765
8771
8793
8795
8798
8805
8808
8812
8813
8832
8870
8877
8883
8890
8892
8896
8898
8901
8917
8925
8953
8961
8972
8978
8984
9000
9012
9024
9052
9057
9073
9076
9094
9112
9114
9117
9118
9125
9130
9146
9157
9173
9179
9181
9182
9186
9197
9202
9205
9210
9223
9226
9236
9240
9248
9264
9312
9315
9328
9329
9341
9351
9388
9398
9409
9410
9414
9421
9422
9443
9447
9453
9464
9469
9470
9474
9501
9511
9547
9548
9553
9590
9593
9594
9614
9618
9624
9628
9646
9651
9652
9664
9665
9669
9676
9688
9702
9712
9713
9716
9726
9747
9752
9779
9792
9802
9814
9819
9822
9831
9837
9844
9855
9862
9876
9897
9909
9920
9924
9932
9943
9953
9956
9968
9969
9972
9982
9990
9994
9997
9999
10001
10003
10015
10024
10031
10035
10052
10058
10068
10071
10073
10074
10075
10076
10083
10087
10088
10091
10092
10094
10099
10109
10110
10119
10122
10125
10128
10131
10137
10155
10158
10160
10170
10172
10173
10182
10187
10189
10199
10206
10208
10211
10216
10218
10225
10227
10229
10234
10237
10242
10243
10247
10251
10257
10259
10260
10262
10274
10276
10284
10294
10300
10303
10309
10314
10315
10316
10319
10322
10329
10330
10334
10335
10340
10342
10348
10350
10358
10361
10362
10363
10367
10368
10371
10375
10391
10399
10404
10406
10407
10412
10419
10420
10424
10426
10436
10439
10446
10450
10455
10456
10458
10468
10476
10478
10484
10490
10499
10501
10506
10521
10526
10532
10533
10538
10543
10548
10549
10555
10556
10563
10569
10572
10587
10593
10601
10603
10606
10608
10610
10611
10614
10618
10619
10639
10644
10645
10646
10647
10653
10655
10664
10667
10678
10682
10688
10695
10696
10705
10710
10711
10719
10720
10722
10731
10738
10739
10742
10754
10755
10756
10759
10760
10763
10765
10776
10783
10791
10795
10796
10803
10804
10808
10817
10818
10820
10821
10828
10829
10833
10842
10847
10848
10861
10866
10867
10872
10881
10893
10895
10906
10907
10912
10914
10916
10937
10948
10954
10962
10966
10989
10990
10991
10992
10993
11007
11016
11018
11024
11028
11038
11039
11046
11052
11058
11063
11069
11074
11082
11087
11095
11097
11100
11103
11112
11115
11123
11125
11144
11145
11146
11154
11155
11156
11157
11160
11163
11170
11172
11173
11182
11193
11198
11210
11215
11216
11227
11235
11236
11265
11266
11279
11287
11289
11310
11315
11316
11322
11325
11330
11331
11333
11334
11339
11341
11345
11355
11358
11360
11364
11368
11396
11399
11417
11420
11437
11439
11446
11455
11457
11464
11466
11467
11469
11470
11471
11474
11477
11479
11482
11487
11499
11512
11518
11519
11540
11541
11542
11543
11547
11555
11556
11557
11559
11565
11567
11582
11584
11598
11608
11614
11628
11631
11638
11649
11650
11653
11661
11677
11696
11700
11703
11714
11717
11719
11726
11729
11740
11742
11744
11753
11764
11769
11775
11777
11778
11787
11796
11798
11800
11804
11807
11810
11821
11822
11825
11829
11830
11831
11838
11840
11844
11855
11869
11878
11881
11883
11888
11889
11895
11898
11909
11911
11912
11919
11927
11928
11943
11944
11949
11952
11959
11964
11968
11974
11977
11979
11982
11997
11999
12019
12023
12024
12035
12046
12048
12049
12050
12054
12077
12083
12085
12096
12097
12102
12107
12110
12111
12118
12120
12125
12134
12135
12137
12142
12148
12150
12156
12158
12159
12160
12161
12175
12181
12183
12184
12190
12195
12196
12206
12212
12232
12237
12243
12245
12251
12256
12259
12269
12280
12285
12293
12297
12298
12305
12313
12340
12343
12345
12346
12370
12380
12381
12384
12388
12398
12402
12403
12406
12422
12424
12425
12429
12431
12444
12457
12462
12465
12467
12473
12477
12483
12508
12511
12518
12526
12530
12533
12538
12545
12563
12565
12569
12575
12585
12589
12593
12595
12603
12606
12610
12611
12613
12622
12624
12636
12641
12643
12645
12646
12647
12650
12661
12664
12667
12668
12670
12674
12680
12689
12694
12695
12711
12713
12716
12735
12742
12744
12754
12760
12764
12770
12782
12787
12790
12798
12805
12827
12829
12830
12833
12839
12846
12849
12855
12860
12864
12872
12873
12877
12878
12889
12891
12909
12912
12915
12917
12927
12928
12940
12941
12948
12950
12951
12959
12960
12963
12975
12982
12991
13009
13012
13026
13028
13029
13050
13055
13056
13062
13063
13074
13080
13085
13092
13093
13097
13110
13114
13123
13127
13131
13132
13133
13135
13142
13162
13167
13172
13184
13187
13196
13199
13203
13210
13213
13216
13228
13229
13230
13231
13237
13250
13257
13264
13268
13276
13282
13283
13291
13292
13307
13308
13313
13317
13321
13339
13341
13352
13360
13364
13366
13380
13382
13393
13402
13404
13406
13417
13423
13438
13452
13458
13465
13479
13483
13485
13486
13490
13493
13497
13498
13499
13503
13509
13516
13519
13540
13541
13544
13546
13575
13580
13586
13587
13591
13592
13593
13595
13597
13612
13614
13615
13626
13627
13631
13640
13644
13646
13655
13673
13674
13678
13712
13716
13719
13722
13728
13739
13753
13772
13786
13787
13790
13795
13802
13805
13808
13813
13814
13826
13827
13834
13837
13838
13839
13844
13854
13868
13873
13877
13880
13893
13899
13900
13902
13912
13917
13920
13922
13925
13932
13933
13935
13940
13949
13968
13976
13995
14018
14034
14043
14044
14051
14060
14061
14063
14066
14075
14076
14093
14098
14099
14114
14119
14123
14125
14129
14132
14148
14153
14155
14160
14161
14167
14179
14183
14186
14194
14199
14203
14219
14220
14222
14226
14228
14238
14239
14246
14250
14278
14286
14296
14300
14303
14308
14313
14315
14318
14319
14320
14324
14333
14342
14349
14354
14362
14364
14370
14371
14373
14381
14395
14409
14410
14434
14438
14448
14450
14451
14464
14468
14471
14473
14477
14482
14488
14507
14521
14546
14549
14553
14561
14565
14569
14578
14587
14595
14603
14607
14610
14626
14628
14630
14631
14645
14647
14650
14654
14671
14672
14674
14677
14691
14695
14702
14706
14710
14716
14719
14725
14729
14730
14738
14744
14753
14759
14770
14786
14789
14790
14804
14809
14823
14828
14830
14839
14845
14848
14850
14851
14854
14855
14858
14864
14889
14894
14898
14904
14908
14911
14914
14916
14923
14936
14948
14951
14952
14953
14954
14959
14962
14972
14981
14982
14996
14998
15010
15014
15015
15020
15022
15024
15025
15035
15046
15047
15049
15057
15063
15077
15078
15092
15093
15102
15116
15126
15141
15149
15150
15166
15172
15178
15184
15192
15194
15204
15217
15243
15251
15259
15289
15300
15311
15326
15327
15338
15348
15351
15385
15396
15399
15403
15409
15414
15436
15448
15451
15474
15475
15503
15505
15508
15527
15534
15535
15540
15561
15563
15567
15574
15614
15615
15618
15619
15624
15662
15678
15679
15689
15697
15700
15701
15715
15728
15731
15733
15735
15744
15747
15776
15792
15806
15810
15828
15832
15842
15855
15864
15877
15887
15888
15889
15906
15940
15954
15973
16017
16019
16032
16059
16100
16107
16115
16119
16171
16177
16206
16233
16257
16258
16287
16296
16299
16330
16332
16338
16347
16350
16361
16365
16367
16368
16373
16386
16394
16403
16410
16426
16434
16435
16447
16461
16462
16473
16493
16494
16495
16507
16510
16519
16525
16547
16563
16586
16606
16612
16634
16700
16701
16703
16706
16728
16734
16738
16740
16743
16751
16752
16761
16778
16785
16799
16846
16849
16852
16853
16858
16875
16897
16922
16923
16960
16969
16980
16986
16989
17018
17025
17034
17078
17087
17117
17125
17142
17162
17163
17165
17168
17169
17175
17182
17189
17190
17213
17229
17241
17297
17298
17306
17322
17331
17332
17345
17371
17388
17391
17394
17471
17478
17514
17521
17527
17536
17571
17597
17618
17627
17648
17649
17650
17686
17693
17697
17741
17742
17753
17760
17789
17793
17797
17813
17814
17817
17832
17848
17856
17870
17875
17895
17899
17919
17922
17941
17951
17966
17970
17987
17990
18011
18032
18038
18059
18153
18178
18220
18294
18305
18320
18337
18404
18457
18465
18502
18539
18542
18578
18593
18602
18604
18656
18664
18684
18706
18767
18771
18783
18814
18816
18832
18846
18881
18926
18934
18997
19031
19054
19093
19110
19122
19151
19169
19174
19186
19209
19210
19214
19224
19262
19293
19366
19374
19384
19391
19434
19466
19471
19490
19508
19566
19571
19605
19644
19647
19659
19667
19668
19673
19677
19727
19844
19858
19865
19867
19916
19920
19935
19969
19992
20010
20054
20088
20103
20114
20119
20193
20203
20210
20270
20307
20342
20360
20403
20405
20513
20643
20651
20679
20789
20826
20924
20973
20974
21019
21101
21150
21162
21182
21353
21446
21454
21588
21870
21950
21969
22013
22018
22043
22045
22074
22100
22267
22447
22566
22581
22589
22624
22721
22761
22838
22951
23072
23189
23239
23339
23340
23389
23393
23420
23470
23484
23543
23572
23615
23616
23626
23647
23703
23711
23714
23725
23754
23762
23782
23818
23846
23874
23895
23923
23986
23989
24102
24104
24176
24204
24297
24380
24492
24612
24620
24624
24627
24675
24862
24906
25013
25021
25027
25028
25035
25037
25048
25053
25054
25073
25079
25083
25092
25093
25097
25101
25134
25137
25144
25170
25176
25178
25179
25196
25200
25205
25206
25207
25215
25223
25241
25246
25259
25266
25269
25274
25277
25285
25289
25302
25312
25317
25322
25323
25326
25342
25347
25349
25355
25363
25367
25372
25380
25381
25386
25414
25416
25423
25444
25445
25462
25470
25472
25494
25530
25549
25558
25568
25590
25591
25594
25597
25602
25612
25620
25622
25629
25630
25635
25642
25650
25663
25666
25685
25686
25689
25690
25706
25710
25740
25742
25753
25754
25762
25770
25784
25788
25789
25794
25814
25816
25844
25847
25863
25875
25876
25877
25892
25896
25907
25912
25916
25930
25936
25945
25962
25975
25981
26007
26018
26029
26034
26043
26049
26051
26056
26058
26066
26075
26078
26086
26089
26090
26099
26104
26114
26120
26125
26127
26137
26147
26150
26166
26169
26175
26205
26245
26258
26270
26275
26281
26293
26299
26309
26316
26320
26322
26327
26328
26344
26345
26369
26381
26387
26389
26394
26405
26415
26419
26428
26430
26438
26445
26447
26453
26473
26475
26476
26481
26482
26483
26491
26498
26500
26501
26512
26514
26528
26529
26531
26553
26560
26563
26572
26585
26595
26609
26619
26626
26629
26630
26633
26637
26643
26658
26661
26674
26675
26691
26706
26716
26719
26721
26724
26731
26739
26741
26747
26752
26758
26759
26768
26770
26774
26776
26799
26816
26844
26845
26852
26861
26865
26869
26870
26880
26888
26894
26897
26917
26924
26937
26940
26943
26946
26954
26956
26976
26977
26997
26998
27005
27007
27030
27031
27056
27059
27069
27070
27076
27086
27087
27108
27138
27147
27169
27170
27173
27184
27188
27199
27211
27221
27226
27228
27239
27242
27248
27249
27252
27254
27268
27276
27284
27290
27304
27311
27314
27316
27320
27336
27341
27346
27362
27376
27383
27384
27385
27418
27422
27432
27441
27444
27448
27451
27452
27456
27458
27485
27503
27505
27522
27529
27531
27540
27553
27577
27580
27584
27595
27599
27603
27613
27615
27637
27641
27664
27667
27670
27675
27698
27704
27712
27720
27721
27724
27728
27751
27773
27776
27785
27806
27825
27841
27846
27852
27861
27862
27866
27883
27891
27892
27902
27920
27930
27944
27977
27988
27998
28008
28014
28022
28027
28031
28035
28037
28040
28053
28054
28055
28068
28072
28105
28110
28112
28113
28119
28130
28146
28155
28160
28162
28165
28172
28176
28191
28202
28203
28218
28224
28234
28242
28257
28266
28271
28292
28294
28313
28316
28323
28325
28328
28331
28336
28339
28355
28358
28369
28385
28406
28414
28428
28436
28444
28453
28477
28483
28485
28487
28492
28521
28534
28551
28573
28574
28576
28582
28596
28599
28606
28621
28623
28628
28629
28633
28645
28664
28669
28672
28677
28698
28701
28703
28713
28732
28735
28749
28754
28757
28761
28762
28764
28765
28783
28790
28794
28806
28810
28812
28817
28818
28824
28853
28857
28870
28871
28878
28884
28887
28894
28896
28920
28941
28948
28949
28955
28974
28982
28983
28995
29014
29020
29021
29022
29039
29048
29065
29066
29068
29072
29082
29085
29086
29090
29103
29107
29113
29138
29139
29143
29165
29178
29179
29189
29201
29203
29207
29209
29210
29212
29214
29215
29222
29235
29251
29255
29269
29271
29272
29274
29276
29281
29292
29302
29308
29340
29354
29355
29368
29377
29379
29381
29392
29393
29397
29404
29405
29408
29417
29440
29454
29467
29473
29476
29483
29489
29497
29513
29518
29520
29531
29536
29540
29544
29546
29552
29563
29564
29586
29587
29595
29596
29624
29628
29632
29634
29644
29649
29668
29673
29674
29682
29686
29690
29705
29708
29720
29726
29732
29738
29747
29749
29751
29752
29753
29757
29772
29788
29799
29802
29815
29829
29849
29865
29868
29870
29872
29900
29935
29938
29939
29945
29950
29955
29967
29974
29994
30008
30041
30116
30142
30156
30223
30290
30313
30370
30379
30408
30436
30445
30463
30488
30569
30643
30646
30653
30660
30677
30680
30713
30724
30756
30861
30944
30967
30991
31047
31069
31073
31080
31111
31154
31198
31243
31266
31271
31284
31289
31297
31331
31382
31384
31419
31431
31443
31444
31459
31538
31551
31568
31606
31625
31644
31666
31679
31711
31730
31748
31797
31798
31815
31831
31839
31869
31873
31894
31930
32038
32137
32141
32165
32175
32245
32308
32322
32341
32430
32440
32537
32570
32573
32576
32722
32723
32742
32966
32971
32988
32995
33127
33130
33134
33188
33192
33269
33322
33393
33414
33459
33490
33547
33551
33600
33612
33636
33672
33689
33714
33727
33782
33793
33814
33892
33940
33954
33966
34094
34122
34171
34194
34211
34232
34253
34254
34297
34317
34360
34376
34383
34389
34442
34476
34482
34517
34545
34587
34687
34731
34753
34839
34869
34897
34916
34932
34937
