25706
12975
25313
11584
6343
15409
25553
1143
5921
14239
17848
11123
4753
10521
5459
13486
4810
25389
14507
12760
13922
14450
1960
16738
4693
25715
16299
2828
7660
15259
25531
7186
17870
25335
10334
25496
1019
15474
15678
11156
17297
25420
16494
10606
25523
25412
10294
15149
10653
13575
14468
21588
3969
4741
1054
25700
21870
9410
12960
23072
133
7552
8147
3405
260
506
11753
19169
2843
6125
11744
17990
6383
3836
12647
11341
25650
15973
2837
6727
11556
11163
9548
25448
13790
14471
23189
25741
9421
11417
25134
25144
25285
25282
9855
14790
7777
16347
16743
2270
25429
13074
14160
5121
7795
12398
17169
12402
13093
2182
25579
17478
6341
25737
10803
12096
10015
15906
10755
25563
10058
16778
5780
25488
25495
15046
11999
16563
17922
25327
12477
5726
25480
13132
10257
5187
9924
12111
13050
1344
10601
7551
25370
16330
11266
6288
4412
10361
13839
25467
11952
17117
12298
9453
11740
7670
8046
6412
9181
1008
11479
11024
16547
15792
11345
25352
9414
11339
15351
25469
916
15399
14448
10990
12406
25337
1303
10555
10742
5069
18032
11977
13587
19434
6891
5887
14362
14738
19566
9702
12388
10071
14691
14561
8573
10610
3609
16119
13902
9994
13250
3487
25718
14848
14194
486
17190
18011
16410
7234
14959
10991
12120
4886
13321
13162
377
14464
13808
9182
8447
11543
13360
25419
25223
11358
9547
16799
13229
13352
17919
142
25398
5529
19093
12102
25361
13133
9646
2900
18684
6705
1396
17163
3924
6523
7018
1022
12343
12212
12664
10189
7011
1486
10738
10501
11069
2585
11471
25262
25512
6466
12183
25705
25462
12991
11944
25450
3023
14948
11087
10646
11315
25286
14744
17648
6725
13062
5794
25434
12790
12805
15615
14850
13826
15024
4765
10319
25310
10644
11439
11888
25723
1892
11215
25748
25458
16612
25342
25750
6172
25426
13490
8890
17741
12137
25344
20054
13458
8972
121
6169
13935
8487
11289
12345
10031
7368
10073
12422
6158
5888
10371
15015
25400
18593
6235
25676
11115
25261
19673
14706
15832
14066
15864
7436
17966
7939
14951
25689
13597
10614
12959
7256
11210
25284
11777
10358
17813
12125
11703
11726
7733
25698
16257
25471
10083
8163
25622
6388
10533
17514
12849
16875
7073
9712
5278
11198
11063
2157
9179
12940
13912
13210
10340
13479
25584
12467
17649
1816
25712
2101
10696
5023
15192
10391
14851
14610
25629
25521
11968
19186
14998
3714
25363
25739
12285
13593
15534
10499
25493
25544
15326
8700
14051
15503
25631
13940
12232
8334
12381
25346
7615
10316
12269
11883
17970
17597
16751
23615
13282
22018
11717
11822
25281
4601
7950
25680
14553
8730
13805
25566
12023
7857
11912
9157
25483
14695
13655
10091
6703
24380
2826
15063
25331
9665
1315
25759
13237
11700
16461
19647
13976
10828
11144
19571
14809
12196
14565
23782
8078
7083
12019
17527
25604
10861
25765
8126
20210
7164
20307
12245
1327
13382
7393
8309
25755
25385
2049
5957
10158
10962
14303
10506
17941
15014
10907
11608
7205
10722
13199
10242
164
9351
7565
13932
10695
5216
11018
25742
12764
19935
17332
25449
25665
14753
6958
9590
16519
7026
18465
5065
14904
17951
15396
12035
13627
14672
25349
13483
13674
14155
16734
12175
11193
8462
724
9969
16394
25459
25774
12107
12912
25687
10218
25674
10322
14333
25279
5689
25453
13949
12195
18814
20114
18604
7676
6107
13276
7674
14854
15475
4291
9956
4690
10992
13925
15217
5244
23762
15662
19174
10664
25753
25576
23470
5465
9624
11598
16373
13516
3050
14278
10367
15057
12744
1414
16728
14628
7306
7502
25312
10678
8218
13814
10688
12589
3501
19224
12610
10262
10187
15940
12716
11330
25246
10335
9819
10833
25073
12190
6553
17753
7391
5114
392
7504
15728
9443
10820
14521
25390
6618
13213
8282
13519
14315
2289
6097
18578
19471
10526
12048
12431
18846
12142
9669
11038
12613
11555
2100
372
16171
11227
5085
25683
12735
8513
7448
16989
25593
7389
14313
10817
7439
25362
25452
11125
9409
12661
14409
20203
25530
9474
25717
13135
23703
829
10645
15403
14759
25461
12877
21454
13612
25578
9073
25354
16059
14719
20103
25707
11769
14898
11825
12855
9968
9897
10765
10954
25766
1346
18926
25730
15204
12508
13465
25293
14569
4618
25580
25494
25727
4513
13868
5488
4464
10234
5543
10808
10618
13920
10001
25498
15348
10300
14546
11467
13499
11074
9814
11146
25460
5937
12595
8755
8870
17034
16752
25437
25672
10243
10795
11482
6632
25492
25548
5071
23986
2505
15733
14855
703
5076
10128
25752
25646
14119
19366
10003
2690
14222
18153
14972
12585
9205
8614
25714
15731
7587
14203
11943
25628
15451
16462
25438
12646
10759
18832
7400
12667
13172
25347
19916
25287
15700
14063
11810
2546
11959
3386
25355
13264
25289
6289
10076
12161
13995
25413
831
6537
25264
14587
11469
20924
23711
25771
12878
14789
13231
9511
11628
16017
17388
4883
25176
25053
25278
9614
13544
12297
9594
12545
4443
13493
9997
11100
10109
18539
11160
25519
11889
18664
12251
8682
13838
12181
15697
8507
14996
13417
11927
913
8569
12511
13110
25388
25651
5982
10229
19031
15092
18656
1732
24624
11855
1473
1227
10350
24104
25365
19727
10682
11170
7426
407
15436
9173
17125
15251
28
25781
8339
10068
6518
9112
13009
285
25507
13026
12694
9688
11331
7497
25345
24102
25603
11919
25435
21353
16846
15540
15679
14845
25353
11487
10829
25762
5310
14645
2999
13268
16435
21150
15505
12483
4745
17371
23616
25048
11821
25392
10399
9117
19668
9593
6103
11719
12603
19667
17213
19920
7346
25324
13187
19659
22013
25403
15747
10237
25491
11464
10872
6284
10407
1206
10468
10211
1237
14238
25678
19865
5765
25699
10450
25476
25428
6697
5055
14370
16032
17241
2217
12872
6917
12827
19867
25545
15563
13646
10075
14129
9909
25304
13380
19508
14167
14677
8619
14018
11016
25478
17650
2670
426
12680
10074
10368
12889
17087
25756
7586
25294
11154
11355
9920
15887
9747
10639
16361
25269
12575
12462
3455
15567
8706
9125
14630
25272
10206
11547
10110
25280
14098
9651
10711
12313
10406
9076
14199
16785
10866
21162
16206
25322
15561
25328
15077
16447
15618
