4886
25334
14770
12760
15889
15092
11881
20270
12805
15503
25369
13485
25287
10696
10893
25305
13133
11518
10173
17471
11123
11974
10073
12035
25315
3030
17297
13360
3050
13308
9012
25310
4676
25699
15351
25499
7308
11582
16849
10075
25403
4883
13162
16299
12975
12526
7520
15022
13364
12508
12343
18457
12764
12878
11631
12533
5085
13341
13591
13026
16410
8812
5055
12991
16846
12846
13465
12429
12860
15178
25688
9855
10109
25350
14018
19122
17169
7255
8474
25682
18294
12406
6251
18767
8078
22761
17990
13678
25414
9669
25523
13250
25413
11325
17391
12181
10804
25756
11170
15888
10872
11087
25419
13940
10818
8156
25246
25048
11726
15077
10368
25294
8178
14468
12909
16386
10742
25464
25366
25412
12384
11807
25037
11878
17987
4722
15887
16107
14521
25386
9822
23340
25759
11236
9618
12711
17875
12125
15619
13127
25752
15015
10334
9501
6409
13509
11341
13479
13210
10555
25370
11198
25379
15728
25494
8198
25770
25526
25678
25658
25446
11830
15567
17322
12150
14342
12467
14063
13712
10549
5460
25377
7026
12545
4076
25582
23615
11911
25382
13276
7559
9202
12827
5646
17536
16989
14725
14996
25745
25471
19434
25269
14823
11769
13540
11154
11982
20789
25617
10091
14972
11474
25283
25400
25702
11100
5080
11614
12280
11584
12019
16447
5888
9862
11628
14719
19605
9511
9076
25261
12889
25300
13307
4291
13074
14315
10678
8706
12462
13503
13920
10829
5532
19727
3836
11889
12102
10330
25518
13808
19186
25577
10532
13292
10189
7034
25345
9447
25545
25593
10916
13790
11764
15733
17087
9398
16525
12518
13899
10225
23470
10731
10172
11007
24675
6373
25687
12346
6064
7605
19169
25313
12305
8614
10866
25324
7674
19865
17034
25533
17693
15010
19224
10199
25766
11038
16743
5780
14239
14222
25361
18881
11821
13055
11703
11696
10861
25329
10243
13313
25492
25771
25083
13935
9000
15078
17922
19262
10796
15172
25508
25552
9351
7258
25487
14786
25488
19490
25632
12190
25448
7399
10618
16510
25388
25271
25454
15776
14099
10543
17817
16373
15024
15662
25519
13587
11542
23703
16761
4618
25392
6703
12877
7586
13486
23616
12183
17331
14790
6705
11287
15093
11919
8403
10563
25505
14034
25282
19992
10501
14549
11949
14319
25566
7011
6158
10137
11345
23782
23189
7587
25353
13092
13673
8805
12575
25396
9553
25436
25258
10867
10335
13902
13586
25562
10906
12950
25781
3585
14246
25437
25654
16751
8332
25712
14160
17789
10361
11565
13614
14695
9814
25097
25498
9414
13932
11719
25394
11547
13380
25563
4464
10614
13516
11959
11952
13093
12237
11355
25604
25263
14507
13404
15508
5114
25486
13114
16462
15534
2837
11235
25372
4690
25321
5365
10316
9924
11112
14677
11855
12142
25700
3487
7777
10074
25317
6725
10682
13837
9844
15973
6289
11163
25714
14904
4443
14936
6553
12370
11912
25689
16586
10639
10412
8730
25541
25765
10705
25496
18706
12156
13805
10914
12293
6607
11069
10688
10499
6936
25531
23895
14710
14691
10755
10031
15217
25704
9179
12530
15396
25134
12232
10821
12054
16494
21454
3752
22838
7609
14250
11778
9726
25385
10446
25389
6412
17870
12839
10526
3609
16177
25646
12269
14199
25251
25680
5957
25559
14051
25435
11215
25476
11039
16434
11479
13216
25284
25367
10722
14610
6917
7186
15326
5069
12381
25398
25624
16119
11638
25434
18926
25648
12245
25469
3501
11095
25673
11968
25746
20307
12689
10371
10274
7356
14998
10119
10237
4399
4601
12212
12661
10342
12610
12243
20103
5543
16858
8447
14114
25650
9409
8053
6388
11082
25415
14839
14672
10644
7802
12096
13123
19677
25631
15563
10993
8925
17970
13135
5254
16171
17125
13406
5053
18038
11798
17919
12959
10439
12118
11796
25303
6697
25574
15126
14129
15020
11810
13199
12829
5076
12431
25703
13593
10128
23393
13237
2843
17175
16032
7392
25223
12380
14313
13626
11540
18783
16233
10375
25507
8507
11364
17018
15192
10182
11227
11928
10458
25718
13063
22566
25478
15832
12735
13925
22013
19969
15409
9920
15614
12646
25651
8569
16115
9876
13352
14578
6765
10506
14464
10533
2895
25262
17168
25748
25441
13321
10646
25629
14370
19844
11883
8487
25570
14364
3714
7368
14471
7346
5529
25447
9057
12297
14132
9117
5119
25433
14194
15906
14183
9651
11216
23626
25642
6294
8624
25250
9157
8218
25279
6292
6456
12388
14706
7164
7502
22951
12855
25683
25576
16853
6135
9594
25736
11399
25753
7203
13917
10765
13575
25249
10803
12465
8060
9972
12083
10170
12137
17190
12107
10754
25641
8953
7857
12915
13597
12158
12647
17213
5244
10848
9702
21150
12402
25741
7316
18997
11028
17162
8282
11469
19673
17650
25715
13615
8277
11740
10259
15194
13417
15697
3924
25564
6279
25672
25666
15679
13995
5463
25780
15828
11446
25676
10569
15243
14553
24380
11804
25340
11182
17697
7205
18465
8793
14308
14607
8678
25395
11559
13438
18656
7107
17793
25709
10548
25335
10738
25679
12511
7414
14320
11543
25457
25579
10606
7400
9421
25356
7391
10211
13949
15014
7226
9752
25690
10322
16367
7254
13612
10262
14809
25355
25501
19031
7175
9182
18602
3955
10094
15259
9210
6727
25553
14066
7393
10601
25304
11063
10001
15063
25354
7660
13009
7653
6618
4383
12849
8693
12077
7141
11417
10110
10407
15954
25691
14381
15574
9792
11661
11895
16563
18934
12473
25600
25342
25737
16969
13229
8139
10556
5310
25623
17163
18059
14830
12457
14043
10125
14203
25336
5765
10817
23725
11999
10155
13839
25773
22018
14569
15877
25622
10695
14628
19571
9593
13827
11829
12891
25397
16740
10759
5123
25628
11927
25373
25701
6383
10319
17332
14362
15046
25426
17832
16606
5887
7497
25144
25420
3969
25362
18664
25481
15300
17514
25375
8334
7551
14716
10122
13541
4745
20054
17966
25365
25278
5216
12184
16547
4412
17856
13922
13423
9956
10340
6066
16206
12940
16435
22447
15204
8147
13282
10187
8046
3676
11266
11541
25425
10833
10406
9410
10990
15678
25644
13546
10088
10664
14371
25206
7306
9968
25762
15338
8004
10015
11787
12664
25530
13826
19920
13877
11437
11753
9997
6518
13912
13813
19935
18604
14409
10350
7234
7670
6107
11052
12941
14854
25750
10808
12951
10521
13575
12370
13210
11039
11889
13586
14854
25678
22761
15534
12508
7026
12827
14409
11446
20789
14809
12137
25476
17987
25377
25545
25365
20270
7587
18602
25689
14716
13541
12661
15678
19920
13540
5888
11364
11919
10754
8060
17870
7258
10808
6917
11787
11661
6412
10872
10521
5254
16586
15679
11974
14790
19605
8147
25704
19571
9726
12297
10644
25530
9012
7255
18706
10094
12760
25492
13114
14904
17163
13009
10556
3969
22013
10639
19844
25278
25385
10330
9862
10817
6294
25415
10122
11007
10705
10189
8624
25412
17471
16563
17034
15409
15024
11095
11345
14706
17391
25780
6251
10569
25353
25715
25765
14370
16373
11949
5532
11542
9553
4383
8004
25478
25144
12959
6158
13380
10322
25249
14114
25447
10125
15973
25541
25553
13135
15126
25650
25672
8614
14239
13920
23725
11479
16740
13237
25366
6697
10804
2843
10274
9752
25488
5055
11100
24675
25367
22951
17793
13899
11584
14610
10848
10506
14521
18767
12846
3955
25397
17919
7802
25682
16989
18059
11798
15063
10738
4399
10916
6064
25261
25702
7857
17322
10406
11999
11417
10074
12305
5114
10803
13199
12909
7586
19186
10526
24380
14099
11982
10088
25648
11215
25435
19224
6553
10818
5463
13055
16858
15217
25628
8812
25699
10137
10015
14066
25632
15300
12212
19031
10407
15906
10316
15078
11474
7520
19865
25498
14194
11112
9822
10458
25771
7399
9669
11804
15010
25379
8447
13364
14607
12237
25469
10829
10110
7011
10001
25486
11082
16177
10555
25324
14998
10128
15077
25083
25356
25737
10695
25688
7175
25712
11069
25294
25773
8706
25718
11547
25425
8805
12388
18457
13516
25579
12150
25287
11541
7393
11719
16447
11614
12849
25258
9117
25373
13587
18294
11052
13308
11565
13673
19490
10170
12245
17162
9409
9210
10243
8156
25375
25746
5076
25134
17922
3501
25646
18783
15093
16206
13423
3836
17650
15614
13352
12280
15776
15194
17832
12346
25369
12915
14043
13438
13313
25414
14839
25752
14719
6388
13932
12096
25340
8730
14051
25305
25709
10439
10335
11726
7660
15178
10906
10796
9179
13229
8487
13546
15832
9410
13127
25471
25437
13479
25714
25736
14160
15889
25642
13922
7497
10563
11821
25355
6518
7609
12183
25433
10350
12764
25570
10412
16751
12384
14830
8282
25533
13949
23615
13250
25552
9351
13162
13995
5765
23189
14203
7356
5529
13808
14199
13063
17856
15877
5123
25644
14018
12889
8678
8403
5543
5780
9157
10259
17125
10173
12646
12343
15204
11028
6765
22838
16435
11952
15172
7306
25487
6383
12878
15888
15728
14553
6373
7308
14063
21454
25617
25434
14786
10091
5460
12855
11182
10549
17297
11968
7316
13912
10031
11163
9920
16462
23340
25683
14507
25666
10375
25499
11216
11087
25600
10664
25781
14972
11123
25576
13292
17169
25673
10340
25574
19677
17970
17213
7670
25494
13790
16547
3924
25037
25251
8198
2895
19262
13837
7674
12545
14315
16761
14250
7559
13935
10646
13074
11796
25315
11063
12829
25048
10172
10119
9511
11227
14364
25454
11198
8793
15503
10866
13614
25342
25271
10446
9182
23626
10755
10319
12142
10262
25559
25631
9447
16846
12735
25563
6456
17168
20307
25395
25703
14578
5244
9956
15351
3030
10342
14129
8053
13678
6135
15092
6618
14464
4886
18997
14710
25206
12158
13877
13917
7777
25413
12689
25420
12429
10606
25464
9844
14381
8474
17536
23703
18881
23393
12891
25641
4618
12431
18604
10225
13712
12232
12243
16853
14677
9876
6936
6066
25505
25398
10614
5887
9076
8218
9421
25345
9057
7164
16606
25577
25329
13133
9202
12156
5080
15563
12664
14996
13406
7141
11830
22566
13902
7551
6289
20054
14313
10187
25370
25354
11038
14222
8277
25604
10722
11638
12711
11266
25759
14628
18664
11469
9972
16233
13123
9501
12083
17697
9814
6705
12269
17693
12125
14672
25750
6725
13282
17018
9924
25622
25676
18656
17332
10688
10618
10182
12381
4464
11355
14342
25321
25623
17789
25691
4443
25496
16107
11582
12533
10533
10368
25310
16510
18926
15887
13093
7605
11807
25481
25566
25629
15396
6727
10696
7392
13615
25400
15046
19969
14468
10543
16386
7502
14770
13092
25562
11878
11236
8332
12610
4676
25392
5646
16849
11928
12991
11399
12877
5069
5365
10532
7226
13839
8693
25389
10073
13593
25283
15574
7368
25246
7254
12462
25223
25441
12402
16410
25766
10075
25388
4883
9855
14695
14246
22018
12860
7234
14371
14319
15192
8507
19169
25519
4601
15733
12184
13813
25446
25382
11912
9618
11911
11628
14569
6703
25651
14362
6279
25372
25700
10993
10833
17966
22447
12950
12839
3752
14132
25753
11235
14320
14034
16494
16969
25508
11154
25687
16171
4076
5119
13827
12940
11540
10211
25361
5216
10867
13486
18934
9000
10682
17175
13612
7400
11959
10678
5053
2837
17514
14936
10821
25564
25403
10109
12019
12181
25304
9968
12518
12941
13341
19935
12805
7205
10731
25582
4745
25313
3487
25362
19434
12465
14823
25426
25335
25745
8953
3050
10155
9594
11895
25336
13404
5957
11170
25680
17087
7186
7391
17990
6607
12118
3714
9997
23782
25457
11559
17190
15508
3676
5310
25679
13360
12457
12077
11543
21150
11753
25250
25624
15243
15259
13503
16743
9792
10199
14725
25658
7414
23470
11287
25741
15697
11829
13465
25436
7653
9702
15014
10990
25394
12526
25396
25263
10501
17875
19673
10861
11855
15326
15954
11881
10765
12293
13940
10371
12647
10914
10361
13626
11769
4412
25419
25317
13826
25756
11740
11927
10237
15662
8569
12054
25748
13485
25690
10499
25097
7346
12035
13321
12102
5085
8334
12467
25303
12951
15828
8925
11696
15015
13417
4291
11518
11325
23895
25523
13925
11810
11437
25350
25501
16115
14308
10601
19122
14549
23616
10759
25654
4722
15022
25518
12530
17817
11883
13276
9414
12511
25269
13026
25279
25448
15567
17331
3609
15020
25507
11764
10548
25762
12473
11341
18038
25284
19992
20103
14471
13597
6292
25282
7203
8046
10893
16119
7107
14691
25386
10742
13307
8178
25593
15338
12975
8078
4690
9398
15619
25334
9593
9651
3585
16525
16032
12107
11778
25770
8139
13509
6409
12380
19727
16434
25526
12575
13805
12190
11703
6107
16299
25300
10334
7034
25701
18465
12406
14183
16367
25262
13591
11631
13216
25531
10818
25691
14051
16386
5532
22447
6066
11028
10330
25648
25736
12212
11182
5543
10015
17162
12846
11628
15046
14315
25278
12889
13229
3955
25714
12429
25345
12991
10110
17832
15022
25682
12760
16510
10829
6456
23616
15776
2895
11661
11437
25414
4618
8447
15024
10722
11855
25350
8139
7255
10861
25672
13808
17213
17536
12764
10319
10407
9398
23782
11919
6158
14710
10125
9997
11883
14854
10808
9972
25508
11038
21454
12860
6518
25702
9594
8046
25566
8614
25712
10128
25498
3676
18465
25134
25533
11215
10893
9855
9814
22838
13837
25304
5114
16032
6294
11198
3030
11542
13360
23895
25715
10182
25756
15888
25385
14719
13503
10742
6135
12181
13486
13465
15563
5069
6292
25617
12297
10738
12346
14823
15217
25718
15508
13133
7520
23470
22018
11123
10075
5310
25507
15172
25395
25396
13940
10412
25413
12380
6412
10211
19727
17125
19031
25771
19844
12951
19186
8282
25494
25370
15014
10094
13237
12137
3836
15078
10506
11927
14018
25531
6705
14578
5463
14672
14706
17817
12473
25397
25262
24675
25361
17169
12849
25476
25699
17322
8147
25389
14194
11638
16586
10914
25321
7346
13612
11798
14549
14507
5076
11703
10155
11949
15973
25144
15204
13114
25317
15678
25403
13540
17332
14830
7234
25654
25353
12190
14222
25394
4464
13826
9920
25434
12096
11911
13790
25518
14972
3752
25375
5460
25570
10322
14809
13092
10173
17391
10350
10091
14381
13404
11039
16171
7414
8507
3714
9726
25249
25752
13307
23393
17990
25419
25505
25689
25641
16849
7609
19490
7586
16547
13127
11540
10563
25676
4383
19677
8487
7400
9409
25703
11287
25631
16462
25683
10189
18881
11063
11974
11474
25471
12184
10001
11769
13516
8706
7392
13199
25526
3501
11787
9844
12959
12975
10088
15259
13925
12237
25770
11112
10821
10225
25499
12909
25488
8805
7674
16969
25367
25628
7226
11810
12388
16743
25745
19935
11355
14695
16989
13935
13313
5529
8198
10796
8730
25037
25562
10199
9752
25457
14725
9702
7587
12125
13626
25658
17987
14132
12102
10262
14996
20054
12077
11341
14521
5254
15614
9956
25576
4443
13341
4076
17034
17922
12305
10696
25582
25446
5957
8332
13586
17190
14628
17471
11100
13423
7497
10548
11582
10371
10906
15396
13438
14569
9669
11807
13380
9876
11052
25496
25678
12735
11565
17168
11719
25704
10549
3585
7857
25577
11821
15326
25377
8053
11154
25412
15338
17919
25501
19169
25223
14786
8569
4399
25356
23626
25334
5765
4676
14370
14610
14066
10243
12827
13417
10688
17087
12941
21150
8060
6697
14998
9862
13877
10122
10237
23703
25310
25433
15887
6107
6279
10533
15954
14790
12647
8624
12855
13406
12940
5888
25680
16494
12711
9117
12508
25283
13593
12370
25464
10601
15574
15906
23615
23340
14308
5080
7777
12343
11928
16233
25687
14553
20270
7670
11069
12689
25269
7502
25748
13276
15534
12646
12462
4886
12035
9210
18934
25622
12150
25486
11559
13162
15126
25335
16115
7399
11982
12518
7186
25469
25629
18783
6553
12661
17966
25425
25447
10259
25379
10682
11614
16299
25426
13995
25369
9618
10375
18664
11095
11541
9421
16740
9651
13364
11469
4722
25762
12805
11968
10501
11889
12915
12457
22761
15300
9057
10664
13712
12545
20789
12293
15619
5085
16761
13615
16373
10031
10170
25329
10765
25097
8156
12158
25646
11778
9076
10804
25315
10361
9410
14904
11547
4690
10606
25574
25261
7802
14129
25650
25083
19224
12891
10993
7258
13352
10755
8812
24380
10872
19605
7141
10274
11740
12107
25258
13063
17856
13587
18997
9792
25388
13308
8403
13827
14199
18457
25271
14239
14677
7391
11796
17514
15832
16434
10109
15567
25362
10187
6409
7026
11266
14250
6765
12878
15728
25263
14203
13546
25206
14471
13678
18059
16435
10334
25441
16525
25579
19969
13093
17297
25365
10555
9924
25746
25372
15020
4412
19992
25673
12575
14313
16410
10695
10335
11959
17018
12118
25284
12381
25048
14691
11087
11830
11345
6064
25251
10137
10368
17175
7011
12467
10866
11764
6388
25545
12183
11236
10644
3487
11584
10406
15877
8004
25435
14362
6373
12610
18038
14246
9553
8678
25624
6289
18926
19673
12839
17970
15679
15010
12019
25593
13912
25303
11829
7254
5244
25765
25481
6618
7653
25448
12829
12142
10499
5780
15092
6251
8474
17789
12950
4291
25324
15077
13902
25563
9012
14342
25564
19865
8334
13920
11878
12083
7551
25478
10119
5646
13250
8793
15192
13591
7107
25305
25382
25386
2837
11325
12465
10526
16107
25313
12384
11216
10867
10458
25436
23189
3969
25781
9157
12877
13292
10803
18604
12245
13485
8693
9182
9822
25279
12054
2843
13805
14160
10678
20307
11631
11007
25398
11417
25355
13123
25688
4883
11446
17693
14716
10848
25766
9202
15733
10073
4601
13813
15662
3050
7356
10342
25623
15178
25530
22566
13917
19434
9968
12243
3609
5053
12530
13541
13074
10754
14371
25400
13839
16206
22951
12406
5365
17331
14319
7034
25741
13479
13135
7660
15697
25644
14364
25604
25666
14839
15015
7306
10316
13922
9179
10705
20103
16846
25600
13575
14320
7393
13009
7203
16119
5887
5119
7316
25759
25700
10569
25366
10990
14063
11399
14043
13673
14464
12156
17163
6703
9593
25246
9000
7368
25679
16606
15063
11364
10833
13509
16563
15889
18706
25780
16177
14770
6383
25250
13321
10759
7175
9501
17697
12232
11999
25750
14607
6917
11804
25340
10618
12431
10521
8078
15828
14936
17875
5123
15409
25559
25701
25454
11696
14034
10817
25294
25642
19262
10172
10639
18602
25354
25753
10614
25282
13026
5055
11227
17793
6725
12526
15194
11479
10446
13597
11952
13932
14468
4745
16447
12511
5216
25632
18656
10340
13899
12664
11170
25773
11726
19122
10074
25492
9351
10439
11912
11753
17870
12269
10556
12533
7559
17650
11881
25523
15503
25552
10532
15243
25392
25420
11082
15351
10731
9511
12280
9414
25415
3924
25342
8925
25541
14183
25336
25437
11543
14114
8953
11895
11235
11163
13216
13055
10646
9447
8178
8277
13282
7164
18294
11518
19571
14409
7605
10916
25373
25300
23725
10543
6607
16751
16858
25709
14099
25519
15093
25651
6936
13949
25287
25737
16853
25487
13614
8218
7205
12402
22013
7308
19920
6727
25690
18767
25553
13210
16367
