25709
16989
7234
7670
10322
16367
10765
25646
13935
17391
11919
3676
14904
25250
25420
16761
25678
10458
25576
13712
15503
25756
13920
15877
25271
16115
25249
18783
14114
25699
25300
8332
25773
16586
7777
14183
23615
25533
10521
15020
10533
12860
25701
11927
15832
25753
11829
11565
25623
11082
15024
9179
10172
11959
14823
22761
25386
25682
12297
22018
20307
13292
25321
14371
14099
6725
13673
10155
12118
10015
10342
13162
16525
12610
16969
7254
25508
7186
10696
7497
25762
17018
11878
5254
12102
25687
7400
13216
17922
10211
25454
12183
15014
17693
10330
8046
14607
25083
13282
5532
25389
13074
8282
8474
25048
9000
8156
25574
13127
17650
3585
12388
15172
10259
14239
4399
13485
19122
12518
11559
17175
14854
25373
12083
22013
13586
4601
25486
8624
17169
6292
5085
6703
14034
23393
25752
11952
10614
13940
25781
7346
7653
8403
13612
25563
14569
15733
14521
13417
25415
25629
7660
15697
17332
25303
16462
12035
12764
25448
25622
19992
11661
25223
14507
9351
25436
14051
4076
14672
10821
7587
16447
15508
12664
25362
25691
25394
11266
25317
9855
13827
13380
11399
10804
13591
16107
9618
5646
7203
14246
11881
10237
13917
16743
16032
25258
25469
10499
12184
14320
6936
11821
11543
14936
9057
11547
9447
10731
25704
13313
9924
17514
25703
12406
25282
2837
19169
17034
5216
16547
11154
16119
11540
10262
7414
11170
25037
10556
6456
19844
10075
7857
25324
15194
25566
11999
25650
25283
19727
10170
25624
7551
17087
19865
11437
11974
10074
15259
10182
12212
10601
14786
13308
13626
11982
25382
12849
25350
3714
12429
25770
25419
3050
16299
14043
5119
12465
25284
8925
20789
12941
12107
10125
15022
12508
10759
17817
11810
13135
16386
13597
25425
13503
15567
12647
5463
13026
15574
7316
25679
18465
11889
18934
25287
15010
5310
10110
12096
15015
17856
10316
20103
14695
12991
15300
25700
14203
25545
14628
10722
17919
19935
18602
25501
10368
7026
25304
6107
11446
14370
15614
8139
3924
11469
25279
13516
25498
15619
6553
13587
11227
11341
4291
14578
7559
9876
14830
23470
12827
13438
14725
11740
13341
13123
25340
25313
13932
10639
25413
5069
8178
25414
25531
12467
12877
10817
5080
6279
10526
25369
8447
14710
14319
11215
16494
2895
7308
15063
8487
25487
13229
6705
12190
7605
10340
6158
7258
11216
10199
5123
9501
10906
11095
15126
8678
11163
14364
10439
11807
13486
13575
6727
12855
11541
10375
16853
10796
14250
17789
9702
5765
13877
14691
12380
9792
11764
13678
23725
7586
15954
15351
11028
6064
11631
15662
13055
12156
11628
22447
25672
9726
14362
2843
25353
3501
17875
16849
25600
19031
18059
13949
12150
7141
25206
25505
17793
12829
11614
5780
10569
15093
13808
17163
25642
16434
17471
7205
8706
11928
25397
13837
14308
7356
14160
19605
12959
25441
12878
25737
8218
17832
10189
17990
10866
13237
15679
12077
25496
12846
13406
9593
11719
14677
17966
11855
25562
25765
4383
25714
25666
13276
10818
8053
15409
25342
10128
16206
9956
6388
15077
25457
16846
12839
13593
11883
19262
14553
16563
10334
15243
8004
25372
25315
10867
13790
10122
25426
11100
15338
14716
3969
13423
14018
15906
12137
12381
16233
10350
14471
11052
5055
3836
9076
14996
13813
11912
9968
14998
11895
7368
6251
25354
25631
25478
10993
7609
25356
14129
25262
7391
13479
10371
11287
15204
11582
22566
10335
11584
25403
9012
23782
15178
15534
25746
12891
11345
13826
3030
10407
13092
25361
8614
10506
4443
25715
9511
23703
12158
13922
12237
13133
13009
8730
4412
11039
11123
8334
11417
11007
13360
9410
10094
4464
13404
18926
25628
25310
13199
14313
7164
25294
13995
25507
25263
17213
25377
18656
10695
10914
19969
6066
10109
10688
8693
15887
13364
11355
6135
7011
12533
25334
12181
12889
6412
17870
20054
5460
9210
10755
10361
25097
23189
5887
21150
11182
14809
12511
25552
25134
25688
11968
10754
17322
6697
3487
25741
17168
16435
5529
25396
10548
13540
25446
18881
23340
5114
12305
13321
25523
11696
16740
19673
7255
13210
15828
9814
14610
10031
7034
11796
25559
6409
12269
16510
25519
25648
11804
12526
9594
10137
18767
25388
10501
9822
19224
15563
10705
12760
7502
25526
11949
4883
11518
9182
3955
25492
7674
12735
11063
13902
14790
10563
10893
25375
25392
25437
10532
16171
14972
25658
14063
15217
25398
8507
10861
12019
14839
25499
12646
16373
22838
21454
11364
25651
12280
25689
25433
13114
12530
17536
25564
13805
6518
10644
6607
10555
25345
25553
10678
10091
9202
25579
12462
19571
23895
10187
13899
4722
12402
12711
11198
15728
17697
15396
5053
9409
25435
5365
13509
25570
12142
25494
8277
25745
6373
15092
25269
17970
5957
11798
19186
16410
25400
11325
11236
18294
10646
16606
25644
10803
8147
6294
12575
10549
12545
13465
14199
3609
10173
16751
13614
25246
10001
18038
18706
11769
25780
14342
5076
9414
7226
25771
9997
13352
25329
11038
17297
11911
25718
17162
8060
25593
25617
10073
7399
11726
15326
8078
9972
8805
25367
25750
7306
25690
8198
25471
11112
25604
4886
10119
19490
12805
17987
16177
9117
14468
14549
10606
25144
8812
25464
3752
8953
25335
11638
11069
10446
25702
10829
16858
17331
11474
6765
7802
14719
23616
15192
23626
25683
12909
18664
9421
25680
12689
9862
12940
11542
15888
25370
14706
17125
25395
12245
13541
25582
20270
12243
10618
12951
14770
13546
4618
9651
5244
12457
10543
25766
25748
6289
13615
25481
12346
19677
25488
25366
12975
14409
15973
11787
9920
25632
18457
11830
7393
25278
10682
25379
25476
9398
12950
25434
12232
14066
14315
11778
14222
5888
25355
15776
8793
8569
10916
7107
9553
6618
10742
13250
25759
12431
25412
10412
10664
25541
12054
22951
14194
6917
7392
25305
25336
5543
13307
19434
10738
14381
11235
18604
15889
25641
10406
4690
12915
25261
13925
6383
14132
10872
14464
10833
9844
13839
25736
12293
11703
9157
13912
9669
25518
11753
4676
25712
10088
7175
4745
13093
24380
15678
12370
15046
9752
25530
25385
25577
12125
19920
10243
25251
17190
12473
12343
10848
10274
10319
15078
24675
10808
18997
7520
25673
25447
10990
25654
11479
12384
12661
13063
25676
10225
11087
25365
25048
9972
15906
25476
25481
10818
25305
10549
12107
13516
15662
16740
16434
13935
7034
10755
13308
12150
10804
6388
15614
25709
6412
13438
10001
25395
14830
14628
6279
18465
25420
7857
11198
8678
3585
11878
25526
11063
12711
13199
10091
11911
10088
8693
10742
7306
7254
25448
14246
25361
11417
17990
17190
3676
16846
11753
7660
10319
25389
13250
19605
16410
4690
19935
21454
11325
12889
21150
10688
10639
13917
25623
9012
19490
7026
7226
5957
10075
15078
25249
13133
10993
12610
10866
11807
25632
11182
12370
10916
19122
10074
15192
10644
19865
10122
12431
25673
16510
6289
5543
8147
25676
15887
12689
10243
11912
12384
4745
7497
13902
13827
25258
25766
14823
10119
10618
15194
14691
11949
11007
11614
14114
8793
14569
10371
25570
5532
10861
11341
12102
25425
9814
13839
25745
14342
10182
13540
11810
15888
25488
14018
10211
10759
17213
9421
25530
10796
13423
19969
13920
7011
18294
23615
17693
17391
11638
25642
10569
11830
5055
7391
15326
25437
16462
12951
3030
25426
17966
11170
25593
25435
25354
13546
7653
6553
23895
11474
12237
25284
10867
14610
25762
9398
13380
17856
25336
9447
10833
12054
19727
23626
12975
25715
10172
25678
6725
15733
17817
14725
25206
9501
12760
4883
10170
25689
20270
2895
6917
25604
13805
14160
6383
25701
17987
14370
2843
7205
25144
25718
19992
23725
12991
12077
12877
25631
13276
16119
25398
8474
25250
25702
15563
17125
12465
15351
10555
25415
5888
11769
12181
11928
14998
13210
12083
15204
14839
9702
25454
25507
5123
16171
10173
25287
12096
10765
3969
14051
25340
25396
6251
13925
12860
9157
10526
25433
10407
25682
25262
10803
25251
10110
7605
13486
4618
12212
12156
19673
15024
10350
25559
25419
12343
6456
25386
25566
14677
5780
17650
9000
9179
18602
8487
10808
13479
12735
13341
9057
11787
17697
15020
17919
25579
16494
10990
13995
10259
9414
17514
10199
4722
12909
17970
8334
9117
10533
8614
11855
23470
16969
16606
13591
16386
13587
13406
12646
18059
25370
14063
16032
22951
25315
5529
14409
19844
25644
22018
13162
15728
14549
11959
25457
25469
9410
12232
6292
8178
15678
6158
16435
25737
9726
10334
16751
5310
25781
9076
14066
10073
25494
15178
19571
25576
3609
25037
9511
11399
13940
14381
7234
10125
13114
16447
13877
25574
5119
7587
12280
11095
25350
11479
25666
11952
14786
25283
7308
11087
25446
17832
10731
11038
12829
7107
17169
11889
11703
13364
25646
17471
25533
12243
14364
15022
11895
25654
25756
13837
8139
14719
13127
25498
10274
7399
10614
11968
14313
14320
10458
17870
25505
10375
20307
25447
25377
23189
10722
11974
11287
25750
15063
5254
11719
10446
25564
17875
12137
3487
6373
11821
12184
8730
7346
18997
23393
25382
14183
6409
25648
13626
7777
15172
10548
14034
9956
7368
12293
25373
6703
25691
11565
17175
25773
3836
11778
8277
13055
13292
4676
13509
25324
22447
19169
25403
25356
7203
7586
15679
25700
12381
25753
14099
12664
20054
13922
12269
25282
15092
7609
10316
17332
25746
8046
11628
12878
7186
15259
25582
14672
14203
25366
8953
25699
11082
12805
8925
6294
13321
12849
7393
14607
12388
9593
10606
5053
15077
25679
10521
25629
6518
10155
6697
12530
14129
8156
25303
9182
11069
11881
6107
11345
3955
13092
2837
11582
25600
12473
12297
12190
25563
12183
11236
4291
7255
10501
7670
12245
7316
7392
11216
25335
9594
25622
10563
25372
14250
25748
14199
12518
15574
9651
12305
25083
9876
13123
5076
25765
10906
3050
25641
15046
18767
14315
9752
14578
11437
18656
5216
25624
6618
16853
8569
10342
10412
11518
11154
7258
25687
16107
10601
12380
13678
19920
10225
16299
25704
11052
14319
25375
12891
14308
9792
11227
18604
9618
5085
14695
25300
25271
19677
14710
12406
11540
10705
8624
9409
25780
25294
16525
12855
11796
4443
17163
25486
14239
8403
11364
12142
25464
4412
13673
25367
25541
5765
14222
25770
10330
15508
13485
8218
10872
11469
25392
25313
12019
12346
14043
25269
12462
13216
17018
25263
10499
25553
10094
13063
14706
10189
25369
13313
22566
25496
25712
25690
12526
11039
4399
14521
12125
13404
25651
8078
15093
25365
25508
25771
25752
6066
10695
11726
19031
9844
16115
10109
12846
15889
12839
25362
4886
9862
11542
23616
17034
12575
25310
14471
25279
10738
7520
11829
11919
25471
20103
7175
18038
12661
11559
15217
14362
14132
13307
10543
13615
10439
5460
13360
7164
11804
15567
25658
25353
10893
15300
10821
12429
5646
25478
25345
12511
10646
25304
10335
18783
16743
25334
13575
14464
18457
8004
13712
8282
25385
14716
25499
25321
13899
12940
16206
10696
11696
25394
14936
11543
25617
10137
4076
17922
25672
15503
10914
13808
24675
17168
11266
7802
7141
11631
8198
25414
14553
14468
4464
16373
25680
13586
10406
14972
9669
3924
22013
12533
25518
11999
13597
15832
14371
18926
7559
5080
13813
13932
16563
18664
15619
9202
16761
25400
23340
7674
13352
25628
9822
10031
5887
17297
13912
15014
6607
13074
10664
11446
25683
17322
25246
12035
14507
11547
5114
15877
12647
16367
16547
15015
13026
25545
17331
9920
25577
6135
11661
9210
11163
15954
11100
9351
10848
14854
19434
10128
19262
13503
11740
25562
12545
4383
25278
25342
10262
11215
16586
25519
8332
13229
11355
19186
12950
12158
10506
6936
7400
9553
17087
7551
25317
14194
17789
11982
10532
15010
15973
18881
25397
10015
8805
17536
14809
25759
11123
13614
12827
13541
10817
15828
10340
19224
25714
7356
14770
25413
8706
16989
25501
14996
13790
11764
6705
11028
25434
13593
13826
9997
13949
7502
8053
16849
5069
25355
15338
23703
11927
13093
15534
25388
17793
9924
11883
25703
25736
10368
22838
12959
5244
25436
25741
10187
23782
22761
6765
6064
25441
12457
10829
10237
12764
25261
13612
25650
15243
7414
10361
25223
10754
15396
16858
18706
17162
13009
14790
25523
13417
9968
16177
11235
15409
9855
8447
20789
5365
25688
25134
13465
3752
11798
10556
10682
11541
5463
12941
8060
11584
25379
12402
18934
11112
15126
12118
8812
4601
25412
24380
25329
3714
3501
12915
8507
12508
25487
10678
15776
6727
25531
13135
25552
13237
12467
10322
13282
16233
25097
25492
15697
14904
14370
18664
12467
7520
10243
6607
25676
25433
25400
8793
12083
15973
9844
25701
10818
25305
25434
3676
13135
15014
15906
10110
10499
12102
13712
9876
12889
10335
14160
25354
11198
4443
10678
5216
7670
3969
25553
12381
11821
25419
16853
14362
6251
12431
11474
13995
10439
25340
4399
10211
10731
19865
12646
11911
6765
25648
13503
14468
15733
19673
11696
13093
25486
25753
3050
12975
9179
25699
16435
13074
25246
18465
12951
19490
14364
14409
14066
25641
13509
25492
25666
6107
14464
19844
6703
10521
8569
5765
25752
10765
10754
16751
10088
11565
14809
25624
19186
25617
10189
17832
16206
19677
17213
25771
25523
11631
12181
25600
5365
6412
12465
7316
17919
14222
10796
8147
6135
14129
14471
23189
10829
12297
12305
15889
6553
7203
4618
16299
12077
10549
12860
13917
16740
14695
10122
8805
12243
5780
11949
12664
25284
5080
7393
25631
12511
13229
16032
17870
15300
11112
10569
3752
14607
13092
13615
13465
7034
9414
8156
8332
23616
10319
20054
10893
12839
13837
9726
13308
23703
15178
11959
25414
12647
12346
10861
12245
15954
7186
11028
13321
18059
10330
8474
6456
10682
19605
12991
18706
25704
14320
16115
7356
15243
25144
10119
25303
25389
25672
25688
10001
10606
10906
13055
11927
12846
16849
7497
17693
25335
25388
20103
14839
13586
25750
16525
10128
25250
15022
11287
21150
7368
11559
11912
25315
23615
9814
15508
15192
13292
25379
25353
10342
19434
17391
14823
25770
12406
14710
25496
10137
10259
23895
25310
15078
20789
11889
9447
11087
11355
8178
25392
12343
25623
11999
11829
25279
11063
15563
12190
5887
25702
25715
13199
6618
17163
9351
11952
9972
14371
11703
12805
18038
7391
3924
12473
10555
25718
15010
5119
25736
9968
11628
25413
7414
12384
6066
12054
25249
10073
25420
25412
13922
10664
10833
6373
25545
7026
11787
12855
12269
12156
13790
8678
14132
11582
25469
10091
13614
14381
12457
7254
14063
10543
25488
14313
12508
12827
7175
12689
16434
14672
12429
11541
11807
10526
9593
7605
16177
10074
13805
16586
25762
24380
17987
10172
10817
12212
25628
9920
25037
11123
25375
13920
7400
10274
5053
2837
11764
23626
10914
13626
15662
9594
13673
25269
6294
25386
10031
17169
9702
14099
9997
11798
15832
19920
16494
11154
8277
14996
7587
13827
10225
25083
11182
5085
9202
10532
15534
11446
13949
15409
25644
12959
10916
11039
15077
18294
9157
16743
12380
11878
10361
6388
14706
10187
11547
25287
15126
25632
12118
19727
13009
4676
6383
10563
14904
17856
5460
25519
18656
25563
16447
11740
3609
14854
15828
25282
7399
25709
14549
14998
11095
25448
6518
25541
11227
10867
25097
13423
25559
25398
17966
13597
25714
17817
18767
7392
11895
6289
25574
12941
12462
25499
15888
11982
12909
9501
25372
17471
13127
7586
12877
10646
19969
25321
3501
5543
5254
16989
25765
4883
16367
25394
12183
10990
5123
12184
10705
12232
11719
12370
10109
10866
25622
14018
13216
7802
25552
25263
25487
18783
23340
15063
25682
6727
16510
25531
25678
8487
12545
8812
25530
25566
25691
8953
25313
14578
16606
14628
17536
9752
11364
25673
13352
10125
13541
25447
15338
6697
24675
4601
25334
25382
11069
6292
25518
10170
16410
17332
16761
8218
13839
13360
20307
11778
25134
25437
11518
7308
11584
15877
25397
16386
13826
25712
10350
19122
10368
17162
14786
17331
12125
25356
9822
5888
8046
14691
25436
25446
11170
13123
15697
17175
9855
25464
9618
14199
12096
10506
14770
25342
25593
14790
14239
12915
11417
15217
11052
10094
18604
25654
8139
16969
13133
23725
10458
4291
9862
7653
7164
17190
14677
10821
10199
9410
13479
22761
25508
25223
17087
7551
12019
25261
22951
5055
2895
12735
15024
14521
4690
10501
10872
11540
12711
25745
5463
7609
25780
9000
4722
11038
25680
6725
25737
11345
14719
7660
13587
13516
8925
13912
12158
7306
16563
15015
9210
25576
10556
10688
15776
13341
7674
12661
16547
13404
13250
5114
7346
2843
25304
8624
22013
12237
12940
22838
10412
10755
10262
6917
19992
13877
25748
25324
11830
25746
23393
25048
11810
25367
8507
10848
18457
5532
13406
25329
25476
3955
25441
8060
12107
12764
5244
13162
5529
13935
12402
13612
11769
11796
13417
11638
25683
6279
10533
17168
15259
25505
7234
23782
25366
7258
11325
13925
17697
16119
25741
25478
25369
13575
11236
25642
9012
14936
14972
8334
7255
7502
13485
10618
10804
25658
11341
19262
16171
14308
22018
8198
8447
25690
16858
12526
11479
12142
9553
12388
17322
7559
11881
25362
25526
25604
25564
11726
13364
13276
18881
19224
10614
25562
13940
25425
13591
25471
10808
15574
25570
11855
15728
10695
7205
11216
6936
16846
25501
6409
25283
12280
4745
25533
12878
12891
11163
19935
8053
17789
9182
11968
25651
10237
11100
12760
13114
25385
13540
6705
25759
17990
11469
22447
10722
4464
14319
14315
15679
3030
11661
25262
10322
20270
14507
14194
14246
25373
12518
10639
11266
10334
15396
25454
25271
11542
10316
11753
25457
25689
17514
14203
14830
25361
25435
10696
10548
7011
9421
13063
15326
8730
8706
5310
10375
15619
14034
15567
25494
11804
15172
25579
25258
15614
13438
13313
25403
13678
9924
10993
13593
7107
18997
11919
25251
15204
10738
15093
9792
10759
4412
12950
17793
4076
6158
17034
25498
17018
8614
13902
14553
15503
25679
14725
15351
14250
4383
11235
13026
13808
25395
9511
25781
7777
13210
12035
25377
25700
7141
9956
16373
18926
5076
14716
9057
13486
13546
10371
12137
3714
8078
12150
13307
10340
9409
9651
25577
9398
11437
4886
11928
25345
16462
25507
16107
25481
25773
5646
11883
25370
5069
13899
19031
14043
10407
11399
13813
25703
25650
23470
25756
11007
25336
25396
25646
8693
13932
8403
3585
14114
9117
25687
12829
14342
14569
25355
10406
16233
7226
14610
10182
19571
8282
3487
17297
18934
17922
10644
14183
17875
10803
25426
25415
11974
15020
21454
12575
14051
25294
10015
15194
13282
11543
25582
12610
22566
17650
25350
10155
18602
25206
17125
7857
6064
9669
10601
15887
25317
3836
25365
15046
12533
10446
11215
13380
12530
13237
25766
11082
15092
17970
25278
25629
9076
19169
11614
5957
12293
12849
10173
10742
8004
10075
25300
15678
