11154
6917
12183
8624
14315
25305
4690
11911
7391
12077
11796
25476
25317
13586
11541
11881
11437
10990
12107
25646
17391
25741
11227
6697
18664
12156
13135
17817
25541
25398
13995
13486
10817
11614
25650
16849
10532
6936
8812
25375
8805
13380
25604
10606
14998
25498
25648
15014
22566
6412
13503
15178
4291
9814
4601
14521
7258
8507
7777
11999
8793
11547
11236
16740
11821
8706
25766
10088
25545
15351
18767
12711
11919
14839
25574
25678
10368
5765
5543
25144
25488
12402
3501
25300
11726
25304
9157
12889
14371
9997
17919
10646
8693
13597
25505
10803
9844
23725
25379
18602
19224
12839
14362
15024
25773
3676
11479
25703
12190
8053
6765
25623
25481
5532
13813
5055
15973
6618
25700
12508
9117
13626
25518
19727
14132
9057
12381
14716
5888
11198
11082
14790
16447
6518
10848
13902
18881
12096
14342
7368
11355
11753
12019
23393
6064
25436
10137
14569
12518
10818
25523
25335
25382
13479
10446
15192
11287
14239
2895
16563
9726
15733
12125
25770
25486
10262
15092
10916
10361
5080
12975
22018
10031
10125
10091
16367
15563
11638
11325
12212
3609
16435
25533
10199
16858
10155
15887
25303
7586
10754
13216
25748
9182
25753
19673
15567
25414
12297
5780
16510
6705
11740
11266
18926
12610
25494
10439
25745
25631
25083
25426
12940
10340
25437
10119
16171
9202
25389
12764
25617
12142
21454
13940
9855
16373
25690
10015
7660
3836
12941
14183
25709
13229
8147
14199
25579
25446
11582
7356
25249
19262
12860
16586
12243
13837
11474
25737
14830
15172
25644
22013
13406
13199
12158
10170
7164
25400
12232
11959
18038
16032
14370
6066
11703
13673
14471
20307
17514
14099
8953
13364
10759
13026
10829
8334
15396
17018
14770
8218
25658
25457
11469
25508
10350
25262
15022
4383
13899
19677
10808
3714
5053
17163
25356
11764
20054
8139
25641
17322
11542
17966
14706
15126
25223
13423
6553
10075
11878
13465
10993
16494
25329
5646
9702
14936
15534
17471
25425
25269
10412
