10765
10556
5119
25300
11123
11696
11582
10906
14710
17213
6292
11881
2843
8218
10569
25037
12465
25678
15954
8624
11547
17018
9876
10818
20103
11039
15733
17793
9956
16547
25709
3924
12511
16989
25415
14203
10506
13920
25350
12184
11082
15662
9057
25303
14364
7205
20307
4601
14308
25457
13586
19727
25304
5765
15126
10458
15022
16743
12429
7368
16107
10015
10334
23470
11028
16032
25773
7551
10330
12860
13162
19122
10688
10526
8156
19262
7391
7186
13308
13055
25340
10754
12647
15194
11661
25420
6251
25394
25356
7605
13276
25436
7586
14936
7356
25700
11437
16299
14607
25770
12380
5463
5069
11821
15204
15679
25486
19935
10796
11543
25448
8678
12849
14051
25271
10199
14786
25134
8282
11163
12297
13123
9210
6388
20054
11007
17087
25741
23189
13790
10075
17693
16233
14250
15243
11154
12381
25715
17990
10804
25699
15832
15534
10361
19865
6705
9511
19844
25756
9924
23615
25396
10755
25762
25294
25622
11631
14823
14043
14521
25317
25362
11810
18656
25282
12846
17471
13673
11095
10128
16494
9618
12237
13135
14114
6135
25688
12991
17391
11974
12096
25284
16853
9076
10094
25737
8139
25545
15508
12181
13626
11628
8334
12877
25507
13940
8447
13282
10368
13404
11883
14129
14578
6158
11584
12941
15178
18934
25425
8332
25048
13009
13417
14183
13479
16525
9855
25563
14471
16586
11399
3969
11216
10722
8925
12137
4291
11912
15877
10340
2837
15887
17332
3676
25631
22018
14725
25562
10110
17514
12212
9447
11182
12764
15619
18059
9792
10211
9410
10821
11417
13438
12533
25703
17966
7011
5532
5529
8046
12388
10548
12889
25629
13074
25753
8178
12518
13612
15614
25498
23703
8053
25531
4383
11227
11266
13216
25361
7653
17922
23782
25313
13423
25687
22566
11052
25258
6107
10172
9179
16849
14362
11999
15077
11927
13540
25505
15409
10407
5887
10189
17919
11287
25454
10993
25508
13813
14246
16563
13712
22013
22761
7857
13591
25389
25765
11764
11559
12878
15503
14099
12156
12508
13313
16435
25354
17175
14996
25249
18926
13597
25287
11446
11541
15906
16846
7777
5085
16969
25624
5646
14371
25413
8004
9351
19605
17322
25574
10335
10866
8487
14677
3836
10696
17856
15020
18783
13935
25372
5254
5123
25324
11215
7258
19169
11540
22447
6553
6066
23393
25441
25386
10371
25250
11952
17817
5216
25642
7497
7609
25600
10521
13678
15351
15259
14239
25397
10237
25623
13922
13917
9726
11100
14830
10074
16761
25628
25566
25377
14160
18465
25419
4076
11719
11829
25353
7141
13127
4399
14319
8614
12150
12190
15300
12035
6279
13837
11345
10759
10601
7587
9000
25263
15015
25083
11919
13486
17875
6936
11928
12891
14809
13808
13292
10316
12467
10342
10499
3030
25646
25552
25342
6697
9702
17789
11982
21150
14716
10262
16115
8730
6064
12102
12118
7026
14018
25496
10155
13995
10914
11878
25576
10182
10533
15024
25682
4443
10322
11740
15010
14553
18602
3714
6703
7164
8403
25781
25321
7316
12406
8706
17163
13406
13827
7234
6412
13575
12839
4464
9501
17169
25382
2895
8474
14628
15338
13380
8693
14320
20789
15567
10614
16119
25752
7346
25097
25369
17034
13341
25279
25206
11968
25223
13485
25714
12827
13516
14672
14507
10695
14034
25446
7559
16367
10639
7660
11565
14854
13237
16434
14569
13503
3487
13092
9012
11341
5055
14998
15063
7670
10125
19992
6456
16386
25414
9968
14370
16206
4412
15014
3050
5080
15172
25704
15697
14695
10122
13593
10259
10439
25533
11889
10350
13587
11959
15574
12855
25487
12077
7414
14904
25426
12664
25310
25650
25315
17168
12829
25701
3501
12959
13826
25478
10731
25262
12158
23725
6727
15093
25672
25746
12183
17870
25334
16447
13877
7254
19031
7308
11170
5310
25501
25469
25679
10170
14313
11355
14691
5780
10867
6725
12610
17650
10109
11614
13199
25691
16462
13229
13932
25666
13133
10817
9593
13949
11807
12107
10375
7203
12083
13026
25403
19969
11895
13364
25373
17832
11855
13360
3585
5460
11469
25283
7400
