25709
16989
7234
7670
10322
16367
10765
25646
13935
17391
11919
3676
14904
25250
25420
16761
25678
10458
25576
13712
15503
25756
13920
15877
25271
16115
25249
18783
14114
25699
25300
8332
25773
16586
7777
14183
23615
25533
10521
15020
10533
12860
25701
11927
15832
25753
11829
11565
25623
11082
15024
9179
10172
11959
14823
22761
25386
25682
12297
22018
20307
13292
25321
14371
14099
6725
13673
10155
12118
10015
10342
13162
16525
12610
16969
7254
25508
7186
10696
7497
25762
17018
11878
5254
12102
25687
7400
13216
17922
10211
25454
12183
15014
17693
10330
8046
14607
25083
13282
5532
25389
13074
8282
8474
25048
9000
8156
25574
13127
17650
3585
12388
15172
10259
14239
4399
13485
19122
12518
11559
17175
14854
25373
12083
22013
13586
4601
25486
8624
17169
6292
5085
6703
14034
23393
25752
11952
10614
13940
25781
7346
7653
8403
13612
25563
14569
15733
14521
13417
25415
25629
7660
15697
17332
25303
16462
12035
12764
25448
25622
19992
11661
25223
14507
9351
25436
14051
4076
14672
10821
7587
16447
15508
12664
25362
25691
25394
11266
25317
9855
13827
13380
11399
10804
13591
16107
9618
5646
7203
14246
11881
10237
13917
16743
16032
25258
25469
10499
12184
14320
6936
11821
11543
14936
9057
11547
9447
10731
25704
13313
9924
17514
25703
12406
25282
2837
19169
17034
5216
16547
11154
16119
11540
10262
7414
11170
25037
10556
6456
19844
10075
7857
25324
15194
25566
11999
25650
25283
19727
10170
25624
7551
17087
19865
11437
11974
10074
15259
10182
12212
10601
14786
13308
13626
11982
25382
12849
25350
3714
12429
25770
25419
3050
16299
14043
5119
12465
25284
8925
20789
12941
12107
10125
15022
12508
10759
17817
11810
13135
16386
13597
25425
13503
15567
12647
5463
13026
15574
7316
25679
18465
11889
18934
25287
15010
5310
10110
12096
15015
17856
10316
20103
14695
12991
15300
25700
14203
25545
14628
10722
17919
19935
18602
25501
10368
7026
25304
6107
11446
14370
15614
8139
3924
11469
25279
13516
25498
15619
6553
13587
11227
11341
4291
14578
7559
9876
14830
23470
12827
13438
14725
11740
13341
13123
25340
25313
13932
10639
25413
5069
8178
25414
25531
12467
12877
10817
5080
6279
10526
25369
8447
14710
14319
11215
16494
2895
7308
15063
8487
25487
13229
6705
12190
7605
10340
6158
7258
11216
10199
5123
9501
10906
11095
15126
8678
11163
14364
10439
11807
13486
13575
6727
12855
11541
10375
16853
10796
14250
17789
9702
5765
13877
14691
12380
9792
11764
13678
23725
7586
15954
15351
11028
6064
11631
15662
13055
12156
11628
22447
25672
9726
14362
2843
25353
3501
17875
16849
25600
19031
18059
13949
12150
7141
25206
25505
17793
12829
11614
5780
10569
15093
13808
17163
25642
16434
17471
7205
8706
11928
25397
13837
14308
7356
14160
19605
12959
25441
12878
25737
8218
17832
10189
17990
10866
13237
15679
12077
25496
12846
13406
9593
11719
14677
17966
11855
25562
25765
4383
25714
25666
13276
10818
8053
15409
25342
10128
16206
9956
6388
15077
25457
16846
12839
13593
11883
19262
14553
16563
10334
15243
8004
25372
25315
10867
13790
10122
25426
11100
15338
14716
3969
13423
14018
15906
12137
12381
16233
10350
14471
11052
5055
3836
9076
14996
13813
11912
9968
14998
11895
7368
6251
25354
25631
25478
10993
7609
25356
14129
25262
7391
13479
10371
11287
15204
11582
22566
10335
11584
25403
9012
23782
15178
15534
25746
12891
11345
13826
3030
10407
13092
25361
8614
10506
4443
25715
9511
23703
12158
13922
12237
13133
13009
8730
4412
11039
11123
8334
11417
11007
13360
9410
10094
4464
13404
18926
25628
25310
13199
14313
7164
25294
13995
25507
25263
17213
25377
18656
10695
10914
19969
6066
10109
10688
8693
15887
13364
11355
6135
7011
12533
25334
12181
12889
6412
17870
20054
5460
9210
10755
10361
25097
23189
5887
21150
11182
14809
12511
25552
25134
25688
11968
10754
17322
6697
3487
25741
17168
16435
5529
25396
10548
13540
25446
18881
23340
5114
12305
13321
25523
11696
16740
19673
7255
13210
15828
9814
14610
10031
7034
11796
25559
6409
12269
16510
25519
25648
11804
12526
9594
10137
18767
25388
10501
9822
19224
15563
10705
12760
7502
25526
11949
4883
11518
9182
3955
25492
7674
12735
11063
13902
14790
10563
10893
25375
25392
25437
10532
16171
14972
25658
14063
15217
25398
8507
10861
12019
14839
25499
12646
16373
22838
21454
11364
25651
12280
25689
25433
13114
12530
17536
25564
13805
6518
10644
6607
10555
25345
25553
10678
10091
9202
25579
12462
19571
23895
10187
13899
4722
12402
12711
11198
15728
17697
15396
5053
9409
25435
5365
13509
25570
12142
25494
8277
25745
6373
15092
25269
17970
5957
11798
19186
16410
25400
11325
11236
18294
10646
16606
25644
10803
8147
6294
12575
10549
12545
13465
14199
3609
10173
16751
13614
25246
10001
18038
18706
11769
25780
14342
5076
9414
7226
25771
9997
13352
25329
11038
17297
11911
25718
17162
8060
25593
25617
10073
7399
11726
15326
8078
9972
8805
25367
25750
7306
25690
8198
25471
11112
25604
4886
10119
19490
12805
17987
16177
9117
14468
14549
10606
25144
8812
25464
3752
8953
25335
11638
11069
10446
25702
10829
16858
17331
11474
6765
7802
14719
23616
15192
23626
25683
12909
18664
9421
25680
12689
9862
12940
11542
15888
25370
14706
17125
25395
12245
13541
25582
20270
12243
10618
12951
14770
13546
4618
9651
5244
12457
10543
25766
25748
6289
13615
25481
12346
19677
25488
25366
12975
14409
15973
11787
9920
25632
18457
11830
7393
25278
10682
25379
25476
9398
12950
25434
12232
14066
14315
11778
14222
5888
25355
15776
8793
8569
10916
7107
9553
6618
10742
13250
25759
12431
25412
10412
10664
25541
12054
22951
14194
6917
7392
25305
25336
5543
13307
19434
10738
14381
11235
18604
15889
25641
10406
4690
12915
25261
13925
6383
14132
10872
14464
10833
9844
13839
25736
12293
11703
9157
13912
9669
25518
11753
4676
25712
10088
7175
4745
13093
24380
15678
12370
15046
9752
25530
25385
25577
12125
19920
10243
25251
17190
12473
12343
10848
10274
10319
15078
24675
10808
18997
7520
25673
25447
10990
25654
11479
12384
12661
13063
25676
10225
11087
25365
