10001
10015
10031
10073
10074
10075
10088
10091
10094
10109
10110
10119
10122
10125
10128
10137
10155
10170
10172
10173
10182
10187
10189
10199
10211
10225
10237
10243
10259
10262
10274
10316
10319
10322
10330
10334
10335
10340
10342
10350
10361
10368
10371
10375
10406
10407
10412
10439
10446
10458
10499
10501
10506
10521
10526
10532
10533
10543
10548
10549
10555
10556
10563
10569
10601
10606
10614
10618
10639
10644
10646
10664
10678
10682
10688
10695
10696
10705
10722
10731
10738
10742
10754
10755
10759
10765
10796
10803
10804
10808
10817
10818
10821
10829
10833
10848
10861
10866
10867
10872
10893
10906
10914
10916
10990
10993
11007
11028
11038
11039
11052
11063
11069
11082
11087
11095
11100
11112
11123
11154
11163
11170
11182
11198
11215
11216
11227
11235
11236
11266
11287
11325
11341
11345
11355
11364
11399
11417
11437
11446
11469
11474
11479
11518
11540
11541
11542
11543
11547
11559
11565
11582
11584
11614
11628
11631
11638
11661
11696
11703
11719
11726
11740
11753
11764
11769
11778
11787
11796
11798
11804
11807
11810
11821
11829
11830
11855
11878
11881
11883
11889
11895
11911
11912
11919
11927
11928
11949
11952
11959
11968
11974
11982
11999
12019
12035
12054
12077
12083
12096
12102
12107
12118
12125
12137
12142
12150
12156
12158
12181
12183
12184
12190
12212
12232
12237
12243
12245
12269
12280
12293
12297
12305
12343
12346
12370
12380
12381
12384
12388
12402
12406
12429
12431
12457
12462
12465
12467
12473
12508
12511
12518
12526
12530
12533
12545
12575
12610
12646
12647
12661
12664
12689
12711
12735
12760
12764
12805
12827
12829
12839
12846
12849
12855
12860
12877
12878
12889
12891
12909
12915
12940
12941
12950
12951
12959
12975
12991
13009
13026
13055
13063
13074
13092
13093
13114
13123
13127
13133
13135
13162
13199
13210
13216
13229
13237
13250
13276
13282
13292
13307
13308
13313
13321
13341
13352
13360
13364
13380
13404
13406
13417
13423
13438
13465
13479
13485
13486
13503
13509
13516
13540
13541
13546
13575
13586
13587
13591
13593
13597
13612
13614
13615
13626
13673
13678
13712
13790
13805
13808
13813
13826
13827
13837
13839
13877
13899
13902
13912
13917
13920
13922
13925
13932
13935
13940
13949
13995
14018
14034
14043
14051
14063
14066
14099
14114
14129
14132
14160
14183
14194
14199
14203
14222
14239
14246
14250
14308
14313
14315
14319
14320
14342
14362
14364
14370
14371
14381
14409
14464
14468
14471
14507
14521
14549
14553
14569
14578
14607
14610
14628
14672
14677
14691
14695
14706
14710
14716
14719
14725
14770
14786
14790
14809
14823
14830
14839
14854
14904
14936
14972
14996
14998
15010
15014
15015
15020
15022
15024
15046
15063
15077
15078
15092
15093
15126
15172
15178
15192
15194
15204
15217
15243
15259
15300
15326
15338
15351
15396
15409
15503
15508
15534
15563
15567
15574
15614
15619
15662
15678
15679
15697
15728
15733
15776
15828
15832
15877
15887
15888
15889
15906
15954
15973
16032
16107
16115
16119
16171
16177
16206
16233
16299
16367
16373
16386
16410
16434
16435
16447
16462
16494
16510
16525
16547
16563
16586
16606
16740
16743
16751
16761
16846
16849
16853
16858
16969
16989
17018
17034
17087
17125
17162
17163
17168
17169
17175
17190
17213
17297
17322
17331
17332
17391
17471
17514
17536
17650
17693
17697
17789
17793
17817
17832
17856
17870
17875
17919
17922
17966
17970
17987
17990
18038
18059
18294
18457
18465
18602
18604
18656
18664
18706
18767
18783
18881
18926
18934
18997
19031
19122
19169
19186
19224
19262
19434
19490
19571
19605
19673
19677
19727
19844
19865
19920
19935
19969
19992
20054
20103
20270
20307
20789
21150
21454
22013
22018
22447
22566
22761
22838
22951
23189
23340
23393
23470
23615
23616
23626
23703
23725
23782
23895
24380
24675
25037
25048
25083
25097
25134
25144
25206
25223
25246
25249
25250
25251
25258
25261
25262
25263
25269
25271
25278
25279
25282
25283
25284
25287
25294
25300
25303
25304
25305
25310
25313
25315
25317
25321
25324
25329
25334
25335
25336
25340
25342
25345
25350
25353
25354
25355
25356
25361
25362
25365
25366
25367
25369
25370
25372
25373
25375
25377
25379
25382
25385
25386
25388
25389
25392
25394
25395
25396
25397
25398
25400
25403
25412
25413
25414
25415
25419
25420
25425
25426
25433
25434
25435
25436
25437
25441
25446
25447
25448
25454
25457
25464
25469
25471
25476
25478
25481
25486
25487
25488
25492
25494
25496
25498
25499
25501
25505
25507
25508
25518
25519
25523
25526
25530
25531
25533
25541
25545
25552
25553
25559
25562
25563
25564
25566
25570
25574
25576
25577
25579
25582
25593
25600
25604
25617
25622
25623
25624
25628
25629
25631
25632
25641
25642
25644
25646
25648
25650
25651
25654
25658
25666
25672
25673
25676
25678
25679
25680
25682
25683
25687
25688
25689
25690
25691
25699
25700
25701
25702
25703
25704
25709
25712
25714
25715
25718
25736
25737
25741
25745
25746
25748
25750
25752
25753
25756
25759
25762
25765
25766
25770
25771
25773
25780
25781
2837
2843
2895
3030
3050
3487
3501
3585
3609
3676
3714
3752
3836
3924
3955
3969
4076
4291
4383
4399
4412
4443
4464
4601
4618
4676
4690
4722
4745
4883
4886
5053
5055
5069
5076
5080
5085
5114
5119
5123
5216
5244
5254
5310
5365
5460
5463
5529
5532
5543
5646
5765
5780
5887
5888
5957
6064
6066
6107
6135
6158
6251
6279
6289
6292
6294
6373
6383
6388
6409
6412
6456
6518
6553
6607
6618
6697
6703
6705
6725
6727
6765
6917
6936
7011
7026
7034
7107
7141
7164
7175
7186
7203
7205
7226
7234
7254
7255
7258
7306
7308
7316
7346
7356
7368
7391
7392
7393
7399
7400
7414
7497
7502
7520
7551
7559
7586
7587
7605
7609
7653
7660
7670
7674
7777
7802
7857
8004
8046
8053
8060
8078
8139
8147
8156
8178
8198
8218
8277
8282
8332
8334
8403
8447
8474
8487
8507
8569
8614
8624
8678
8693
8706
8730
8793
8805
8812
8925
8953
9000
9012
9057
9076
9117
9157
9179
9182
9202
9210
9351
9398
9409
9410
9414
9421
9447
9501
9511
9553
9593
9594
9618
9651
9669
9702
9726
9752
9792
9814
9822
9844
9855
9862
9876
9920
9924
9956
9968
9972
9997
